0.0 0.0
0.0 0.0
0.0 0.0
0.0 0.0
0.0 0.0
0.0 0.0
0.0 0.0
0.0 0.0
0.0 0.0
0.0 0.0
0.0 0.0
0.0 0.0
0.0 0.0
0.0 0.0
0.0 0.0
0.0 0.0
0.0 0.0
0.0 0.0
0.0 0.0
0.0 0.0
0.0 0.0
0.0 0.0
0.0 0.0
0.0 0.0
0.0 0.0
0.0 0.0
0.0 0.0
0.0 0.0
0.0 0.0
0.0 0.0
0.0 0.0
0.0 0.0
0.0 0.0
0.0 0.0
0.0 0.0
0.0 0.0
0.0 0.0
0.0 0.0
0.0 0.0
0.0 0.0
0.0 0.0
0.0 0.0
0.0 0.0
0.0 0.0
0.0 0.0
0.0 0.0
0.0 0.0
0.0 0.0
0.0 0.23084
0.0 0.23614
0.0 0.2353
0.0 0.23754
0.0 0.05333
0.0 0.05374
0.0 0.05409
0.0 0.05443
0.0 0.00395
0.0 0.00393
0.0 0.00408
0.0 0.00396
0.0 0.50845
0.0 0.50157
0.0 0.50577
0.0 0.50248
0.0 0.05045
0.0 0.05084
0.0 0.04941
0.0 0.04992
0.0 0.01436
0.0 0.01418
0.0 0.01408
0.0 0.01437
0.0 0.67603
0.0 0.66932
0.0 0.66993
0.0 0.67363
0.0 0.04958
0.0 0.05025
0.0 0.05034
0.0 0.05033
0.0 0.02563
0.0 0.0251
0.0 0.02506
0.0 0.0252
0.0 0.6269
0.0 0.64302
0.0 0.65371
0.0 0.64854
0.0 0.04854
0.0 0.04807
0.0 0.04884
0.0 0.04937
0.0 0.02982
0.0 0.02891
0.0 0.02936
0.0 0.02911
