0.0 0.0
0.0 0.0
0.0 0.0
0.0 0.0
0.0 0.0
0.0 0.0
0.0 0.0
0.0 0.0
0.0 0.0
0.0 0.0
0.0 0.0
0.0 0.0
0.0 0.0
0.0 0.0
0.0 0.0
0.0 0.0
0.0 0.0
0.0 0.0
0.0 0.0
0.0 0.0
0.0 0.0
0.0 0.0
0.0 0.0
0.0 0.0
0.0 0.0
0.0 0.0
0.0 0.0
0.0 0.0
0.0 0.0
0.0 0.0
0.0 0.0
0.0 0.0
0.0 0.0
0.0 0.0
0.0 0.0
0.0 0.0
0.0 0.0
0.0 0.0
0.0 0.0
0.0 0.0
0.0 0.0
0.0 0.0
0.0 0.0
0.0 0.0
0.0 0.0
0.0 0.0
0.0 0.0
0.0 0.0
0.0 0.24566
0.0 0.24081
0.0 0.23136
0.0 0.23432
0.0 0.02846
0.0 0.02877
0.0 0.02745
0.0 0.02757
0.0 0.02123
0.0 0.02203
0.0 0.02123
0.0 0.02283
0.0 0.52082
0.0 0.51333
0.0 0.5138
0.0 0.50588
0.0 0.02893
0.0 0.03006
0.0 0.02964
0.0 0.0299
0.0 0.02764
0.0 0.02786
0.0 0.02713
0.0 0.02702
0.0 0.68525
0.0 0.68423
0.0 0.68751
0.0 0.68623
0.0 0.02997
0.0 0.02925
0.0 0.03018
0.0 0.03028
0.0 0.0291
0.0 0.02778
0.0 0.02812
0.0 0.02856
0.0 0.65271
0.0 0.6651
0.0 0.67161
0.0 0.66828
0.0 0.02872
0.0 0.02923
0.0 0.02922
0.0 0.0289
0.0 0.02714
0.0 0.02749
0.0 0.02718
0.0 0.02754
