0.0 0.0
0.0 0.0
0.0 0.0
0.0 0.0
0.0 0.0
0.0 0.0
0.0 0.0
0.0 0.0
0.0 0.0
0.0 0.0
0.0 0.0
0.0 0.0
0.0 0.0
0.0 0.0
0.0 0.0
0.0 0.0
0.0 0.0
0.0 0.0
0.0 0.0
0.0 0.0
0.0 0.0
0.0 0.0
0.0 0.0
0.0 0.0
0.0 0.0
0.0 0.0
0.0 0.0
0.0 0.0
0.0 0.0
0.0 0.0
0.0 0.0
0.0 0.0
0.0 0.0
0.0 0.0
0.0 0.0
0.0 0.0
0.0 0.0
0.0 0.0
0.0 0.0
0.0 0.0
0.0 0.0
0.0 0.0
0.0 0.0
0.0 0.0
0.0 0.0
0.0 0.0
0.0 0.0
0.0 0.0
0.0 0.23284
0.0 0.24252
0.0 0.23498
0.0 0.22593
0.0 0.11232
0.0 0.11463
0.0 0.11856
0.0 0.11275
0.0 0.03173
0.0 0.03228
0.0 0.03299
0.0 0.03246
0.0 0.49735
0.0 0.50586
0.0 0.49446
0.0 0.49477
0.0 0.34008
0.0 0.33169
0.0 0.33661
0.0 0.34611
0.0 0.07157
0.0 0.05638
0.0 0.07044
0.0 0.07031
0.0 0.66812
0.0 0.66921
0.0 0.67614
0.0 0.67389
0.0 0.48067
0.0 0.50612
0.0 0.50976
0.0 0.51389
0.0 0.08683
0.0 0.08764
0.0 0.08736
0.0 0.0876
0.0 0.65691
0.0 0.64188
0.0 0.64359
0.0 0.65714
0.0 0.47418
0.0 0.47408
0.0 0.472
0.0 0.47182
0.0 0.08834
0.0 0.08735
0.0 0.08789
0.0 0.08485
