0.0 0.0
0.0 0.0
0.0 0.0
0.0 0.0
0.0 0.0
0.0 0.0
0.0 0.0
0.0 0.0
0.0 0.0
0.0 0.0
0.0 0.0
0.0 0.0
0.0 0.0
0.0 0.0
0.0 0.0
0.0 0.0
0.0 0.0
0.0 0.0
0.0 0.0
0.0 0.0
0.0 0.0
0.0 0.0
0.0 0.0
0.0 0.0
0.0 0.0
0.0 0.0
0.0 0.0
0.0 0.0
0.0 0.0
0.0 0.0
0.0 0.0
0.0 0.0
0.0 0.0
0.0 0.0
0.0 0.0
0.0 0.0
0.0 0.0
0.0 0.0
0.0 0.0
0.0 0.0
0.0 0.0
0.0 0.0
0.0 0.0
0.0 0.0
0.0 0.07156
0.0 0.0717
0.0 0.07306
0.0 0.07219
0.0 0.06329
0.0 0.06423
0.0 0.06395
0.0 0.06691
0.0 0.01961
0.0 0.0195
0.0 0.01962
0.0 0.01951
0.0 0.01827
0.0 0.0181
0.0 0.01832
0.0 0.01832
0.0 0.00147
0.0 0.0015
0.0 0.00147
0.0 0.00146
0.0 0.00139
0.0 0.00139
0.0 0.0014
0.0 0.00143
0.0 0.00147
0.0 0.00125
0.0 0.00136
0.0 0.0013
0.0 0.00126
0.0 0.00127
0.0 0.00127
0.0 0.00128
0.0 0.00129
0.0 0.00131
0.0 0.00128
0.0 0.00132
0.0 0.03068
0.0 0.03035
0.0 0.03207
0.0 0.03253
0.0 0.0174
0.0 0.01668
0.0 0.01646
0.0 0.01662
