0.0 0.0
0.0 0.0
0.0 0.0
0.0 0.0
0.0 0.0
0.0 0.0
0.0 0.0
0.0 0.0
0.0 0.0
0.0 0.0
0.0 0.0
0.0 0.0
0.0 0.0
0.0 0.0
0.0 0.0
0.0 0.0
0.0 0.0
0.0 0.0
0.0 0.0
0.0 0.0
0.0 0.0
0.0 0.0
0.0 0.0
0.0 0.0
0.0 0.0
0.0 0.0
0.0 0.0
0.0 0.0
0.0 0.0
0.0 0.0
0.0 0.0
0.0 0.0
0.0 0.0
0.0 0.0
0.0 0.0
0.0 0.0
0.0 0.0
0.0 0.0
0.0 0.0
0.0 0.0
0.0 0.0
0.0 0.0
0.0 0.0
0.0 0.0
0.0 0.0
0.0 0.0
0.0 0.0
0.0 0.0
0.0 0.22717
0.0 0.21898
0.0 0.22629
0.0 0.22878
0.0 0.0886
0.0 0.09306
0.0 0.09524
0.0 0.09214
0.0 0.00393
0.0 0.00414
0.0 0.00422
0.0 0.00415
0.0 0.51231
0.0 0.49491
0.0 0.48189
0.0 0.49884
0.0 0.26663
0.0 0.26982
0.0 0.26398
0.0 0.26214
0.0 0.01483
0.0 0.01557
0.0 0.01506
0.0 0.01495
0.0 0.66669
0.0 0.66782
0.0 0.67469
0.0 0.6665
0.0 0.38527
0.0 0.39349
0.0 0.38745
0.0 0.3882
0.0 0.02918
0.0 0.0287
0.0 0.0294
0.0 0.02904
0.0 0.64538
0.0 0.64239
0.0 0.63915
0.0 0.63873
0.0 0.38294
0.0 0.38795
0.0 0.37928
0.0 0.38438
0.0 0.03797
0.0 0.03759
0.0 0.03777
0.0 0.03811
